s519 38.37  10.73  8 
s518 30.85  14.6  8 
s503 16.57  7.6  8 
s502 12.45  7.56  8 
s501 10.46  7.14  8 
s504 12.45  11.19  8 
s505 13.33  15.81  8 
s515 33.72  31.19  8 
s508 12.01  21.95  8 
s506 12.01  19.92  8 
s507 14.64  20.82  8 
s509 13.33  25.27  8 
s510 13.31  28.57  8 
s516 32.18  22.21  8 
s513 21.21  30.73  8 
s514 28.41  30.73  8 
s517 31.62  20.38  8 
504 35.14  7.05  8 
503 34.08  20.77  8 
s512 9.36  30.58  8 
s511 8.09  30.59  8 
502 9.94  27.23  8 
c505 17.78  6.73  8 
c504 17.45  8.34  8 
c502 12.99  6.16  8 
c501 10.18  5.7  8 
c506 11.22  11.37  8 
c508 14.55  15.73  8 
c503 15.1  8.49  8 
c525 37.07  9.7  8 
c526 40.41  12.11  8 
c523 27.81  14.53  8 
c524 32.26  14.15  8 
c522 30.15  20.73  8 
c521 31.93  23.65  8 
c520 31.9  31.19  8 
c519 28.17  31.49  8 
c518 22.3  31.19  8 
c514 13.61  29.55  8 
c513 11.67  28.05  8 
c507 11.79  15.69  8 
c509 10.25  19.92  8 
c511 13.02  22.13  8 
c510 13.38  20.44  8 
c512 11.99  25.13  8 
c517 9.4  31.7  8 
c515 8  29.26  8 
c516 9.73  29.17  8 
501 11.77  14.8  8 

s411 27.73  7.95  4 
c401 13.86  6.11  4 
s401 13.23  7.49  4 
s404 12.19  13.36  4 
s406 12.25  26.06  4 
s405 5.91  22.54  4 
s407 5.99  27.34  4 
s408 7.39  29.55  4 
s409 8.31  30.72  4 
s410 9.63  30.72  4 
s403 12.19  10.93  4 
s402 19.84  8.33  4 
402 13.1  24.85  4 
401 13.24  10.98  4 
s412 29.75  8.69  4 
s414 35.52  9.34  4 
s413 32.65  9.04  4 
s416 34.26  26.17  4 
s415 32.08  18.58  4 
403 33.03  20.88  4 
c404 13.22  8.74  4 
c405 11.16  11.55  4 
c406 13.19  13.82  4 
c402 19.65  6.89  4 
c407 7.04  22.7  4 
c409 7.11  26.79  4 
c412 6.05  30.06  4 
c410 8.18  28.31  4 
c411 9.94  29.45  4 
c413 8.17  31.9  4 
c408 13.29  26.22  4 
c418 32.44  26.18  4 
c419 35.46  26.08  4 
c417 33.19  18.4  4 
c414 35.67  7.99  4 
c416 32.41  10.27  4 
c415 28.75  9.63  4 
c403 25.97  7.73  4 

