s19 38.37  10.73  0 
s18 30.85  14.6  0 
s03 16.57  7.6  0 
s02 12.45  7.56  0 
s01 10.46  7.14  0 
s04 12.45  11.19  0 
s05 13.33  15.81  0 
s15 33.72  31.19  0 
s08 12.01  21.95  0 
s06 12.01  19.92  0 
s07 14.64  20.82  0 
s09 13.33  25.27  0 
s10 13.31  28.57  0 
s16 32.18  22.21  0 
s13 21.21  30.73  0 
s14 28.41  30.73  0 
s17 31.62  20.38  0 
4 35.2  7.1  0 
3 34.13  20.82  0 
s12 9.36  30.58  0 
s11 8.09  30.59  0 
2 10  27.29  0 
1 11.82  14.86  0 
c05 17.78  6.73  0 
c04 17.45  8.34  0 
c02 12.99  6.16  0 
c01 10.18  5.7  0 
c06 11.22  11.37  0 
c08 14.55  15.73  0 
c03 15.1  8.49  0 
c25 37.07  9.7  0 
c26 40.41  12.11  0 
c23 27.81  14.53  0 
c24 32.26  14.15  0 
c22 30.15  20.73  0 
c21 31.93  23.65  0 
c20 31.9  31.19  0 
c19 28.17  31.49  0 
c18 22.3  31.19  0 
c14 13.61  29.55  0 
c13 11.67  28.05  0 
c07 11.79  15.69  0 
c09 10.25  19.92  0 
c11 13.02  22.13  0 
c10 13.38  20.44  0 
c12 11.99  25.13  0 
c17 9.4  31.7  0 
c15 8  29.26  0 
c16 9.73  29.17  0 

